80
536
1060
1258
1321
1380
1649
1684
1699
1842
2040
2058
2313
2328
2345
2648
2830
2895
2914
3148
3252
3533
3558
3576
3596
3837
4148
4303
4449
4509
4544
4605
4685
4758
4770
4918
4971
5006
5087
5241
5674
5886
5984
6072
6127
6170
6394
6418
6445
6563
6621
6636
6788
6910
6959
7004
7015
7525
7536
7650
8141
8391
8408
8414
8644
8679
8829
9022
9071
9740
9741
9820
9921
9961
10578
10759
11083
11176
11254
11345
11607
11657
11758
11792
11857
11942
11959
12100
12178
12388
12494
12565
12655
12692
12843
12910
13024
13140
13246
13316
13341
13380
13531
13767
13842
14128
14232
14239
14493
14773
15091
15154
15363
15366
15522
15602
15621
15656
15856
16143
16247
16321
16348
16356
16461
16659
16697
16834
16896
17174
17236
17610
17667
17746
17911
17975
17980
17999
18002
18044
18129
18227
18244
18485
18497
18698
18710
18854
18905
19007
19222
19231
19414
19433
19510
19523
19771
