Before processing with BERT emdeddings:

11/04/2020 08:53:35 - INFO - __main__ -   *** Example ***
11/04/2020 08:53:35 - INFO - __main__ -   unique_id: 4
11/04/2020 08:53:35 - INFO - __main__ -   tokens: [CLS] he became widely known to a broad audience for his current role as ser jaime lan ##nist ##er , in the hbo series game of throne ##s . jaime lan ##nist ##er jaime lan ##nist ##er hbo hbo game of throne ##s game of throne ##s [SEP] nikola ##j cost ##er - wal ##da ##u worked with the fox broadcasting company . [SEP]
11/04/2020 08:53:35 - INFO - __main__ -   input_ids: 101 2002 2150 4235 2124 2000 1037 5041 4378 2005 2010 2783 2535 2004 14262 14519 17595 26942 2121 1010 1999 1996 14633 2186 2208 1997 6106 2015 1012 14519 17595 26942 2121 14519 17595 26942 2121 14633 14633 2208 1997 6106 2015 2208 1997 6106 2015 102 24794 3501 3465 2121 1011 24547 2850 2226 2499 2007 1996 4419 5062 2194 1012 102 0 0 0 0 0 0 0 0 0 0 0 0 0 0 0 0 0 0 0 0 0 0 0 0 0 0 0 0 0 0 0 0 0 0 0 0 0 0 0 0 0 0 0 0 0 0 0 0 0 0 0 0 0 0 0 0 0 0 0 0 0 0 0 0
11/04/2020 08:53:35 - INFO - __main__ -   input_mask: 1 1 1 1 1 1 1 1 1 1 1 1 1 1 1 1 1 1 1 1 1 1 1 1 1 1 1 1 1 1 1 1 1 1 1 1 1 1 1 1 1 1 1 1 1 1 1 1 1 1 1 1 1 1 1 1 1 1 1 1 1 1 1 1 0 0 0 0 0 0 0 0 0 0 0 0 0 0 0 0 0 0 0 0 0 0 0 0 0 0 0 0 0 0 0 0 0 0 0 0 0 0 0 0 0 0 0 0 0 0 0 0 0 0 0 0 0 0 0 0 0 0 0 0 0 0 0 0
11/04/2020 08:53:35 - INFO - __main__ -   input_type_ids: 0 0 0 0 0 0 0 0 0 0 0 0 0 0 0 0 0 0 0 0 0 0 0 0 0 0 0 0 0 0 0 0 0 0 0 0 0 0 0 0 0 0 0 0 0 0 0 0 1 1 1 1 1 1 1 1 1 1 1 1 1 1 1 1 0 0 0 0 0 0 0 0 0 0 0 0 0 0 0 0 0 0 0 0 0 0 0 0 0 0 0 0 0 0 0 0 0 0 0 0 0 0 0 0 0 0 0 0 0 0 0 0 0 0 0 0 0 0 0 0 0 0 0 0 0 0 0 0

After processing with BERT emdeddings:

{"index": "98", "label": "SUPPORTS", "claim": [-0.885731, -0.70301, 0.722939, 0.441174, 0.380224, -0.622948, 0.834265, 0.479838, 0.700822, -0.999721, -0.04326, 0.942759, 0.998179, -0.983708, 0.89361, -0.699386, -0.608871, -0.644254, 0.431805, -0.65891, 0.585936, 0.999788, 0.064576, -0.08555, 0.303996, 0.824583, -0.578026, 0.971916, 0.987024, 0.924612, -0.667858, 0.172736, -0.999477, 0.343842, 0.681926, ...], "evidences": [[-0.725619, -0.567645, 0.922896, 0.27245, -0.1...], [-0.891151, -0.621665, 0.117038, 0.696915, 0.560958, -0.598984, 0.882089, 0.672651, 0.077717, -0.999914, 0.001091...], [-0.821518, -0.531407, 0.736144, 0.475683, 0.250934, -0.556138, 0.781343, 0.70298, 0.53406, -0.999709, 0.407344, 0.898103, 0.996695, -0.961586, 0.946327, -0.522781, -0.592883, -0.571245, 0.318219, -0.753639, 0.801693, 0.999511, 0.326627, 0.040825, 0.371449, 0.614978, -0.341664, 0.967216, 0.972359, 0.893653, ...], [-0.583969, -0.46225, 0.983544, -0.070011, -0.615789, -0.439953, -0.102882, 0.770402, 0.944593, -0.998379, 0.747428,  ...]]}

