Dev score:
Micro_F1 Macro_F1 Num_Instances
chct 1.0 1.0 2
ranz 0.5 0.3333333333333333 2
vogo 0.5652173913043478 0.3611111111111111 23
hoer 1.0 1.0 5
tron 1.0 1.0 22
faly 0.0 0.0 3
bove 1.0 1.0 1
farg 1.0 1.0 2
clck 1.0 1.0 1
afck 0.5714285714285714 0.36363636363636365 7
obry 1.0 1.0 1
pomt 0.6058252427184466 0.39923520003848045 515
thal 1.0 1.0 1
snes 0.9130434782608695 0.47727272727272724 46
faan 0.375 0.2727272727272727 8
Average 0.768700978914149 0.6804877338746192
0.6416275430359938
[[ 80   4   3]
 [  8 221  80]
 [  7 127 109]]
0.6829847056045605
0.6416275430359938


